0 5.0 2.0 3.0 2.5 6.5
1 7.0 4.0 6.0 5.5 4.0
2 4.0 3.0 4.5 2.0 2.5
3 5.5 5.5 4.0 4.5 4.0
4 5.5 5.5 3.5 4.5 2.5
5 6.0 3.0 4.0 3.5 1.5
6 4.5 4.0 6.0 5.0 4.0
7 5.5 4.5 6.0 3.0 4.0
8 5.0 5.0 5.0 5.0 3.0
9 6.0 6.5 2.0 2.5 3.0
10 6.5 6.5 7.0 5.5 6.5
11 2.5 6.5 7.0 7.0 4.0
12 6.5 4.0 2.5 6.0 4.0
13 7.0 3.0 2.0 3.0 1.5
14 5.5 5.0 6.5 5.5 6.0
15 6.0 4.0 6.0 3.0 6.0
16 5.5 3.5 3.0 6.5 2.5
17 5.5 6.0 4.0 3.5 1.5
18 6.5 4.0 3.5 3.5 4.5
19 5.5 2.0 2.5 6.0 2.5
20 5.5 4.0 5.5 4.5 4.5
21 6.5 5.0 5.5 5.0 5.5
22 7.0 4.0 5.0 5.0 3.5
23 5.0 4.0 2.0 2.5 1.5
24 6.5 2.5 3.5 5.5 4.0
25 5.0 4.0 5.5 3.5 4.5
26 6.0 4.0 5.5 4.0 3.5
27 5.0 4.0 5.0 4.5 2.0
28 4.5 5.0 5.0 5.0 3.0
29 6.0 3.5 6.0 4.0 3.5
30 5.0 3.5 3.5 5.0 2.0
31 5.5 4.5 4.5 5.5 2.0
32 6.5 4.0 4.5 4.0 2.5
33 4.5 5.0 3.5 4.0 2.5
34 5.5 4.0 3.5 5.5 4.0
35 4.5 3.0 5.5 7.0 2.5
36 4.5 3.5 3.5 3.0 4.0
37 6.5 3.5 4.5 3.0 6.5
38 6.5 3.0 5.0 5.5 2.5
39 4.5 3.5 2.5 5.0 1.5
40 7.0 5.0 6.0 6.5 5.5
41 4.0 2.5 4.0 4.5 3.0
42 7.0 3.0 7.0 7.0 1.5
43 5.0 4.5 5.0 4.0 3.0
44 6.5 4.0 4.5 5.0 6.0
45 6.5 5.0 5.0 7.0 3.0
46 6.0 5.0 6.0 3.0 5.5
47 4.5 5.0 6.0 6.0 1.0
48 4.5 3.0 5.0 3.5 3.5
49 5.0 4.5 3.0 4.5 2.5
50 6.0 3.5 5.5 4.5 2.5
51 6.0 6.0 6.5 4.5 6.0
52 5.5 4.5 4.0 4.5 4.0
53 6.5 2.5 3.0 4.5 4.0
54 6.5 5.5 6.0 6.0 5.0
55 7.0 3.0 6.5 6.5 2.0
56 6.5 3.5 4.5 3.5 5.5
57 6.5 3.5 3.5 7.0 5.5
58 5.0 2.5 6.0 6.0 2.0
59 5.5 3.5 4.0 3.5 3.0
60 7.0 4.5 6.5 6.0 4.5
61 6.5 3.5 4.5 4.5 3.5
62 7.0 4.0 6.5 3.0 5.0
63 4.0 4.5 3.5 6.0 3.0
64 5.0 4.5 2.5 3.5 2.0
65 7.0 4.0 5.5 6.0 6.0
66 6.5 3.5 4.5 6.0 4.0
67 5.5 4.0 5.5 4.0 1.5
68 6.5 6.0 6.0 4.0 4.0
69 6.0 5.5 5.5 6.5 2.5
70 6.0 4.0 4.5 4.0 5.5
71 6.5 5.0 6.0 7.0 4.5
72 4.5 4.5 6.0 3.0 3.0
73 6.0 4.0 3.5 6.5 1.5
74 5.0 3.5 6.5 4.5 4.5
75 5.0 3.5 3.5 3.5 4.0
76 6.5 4.5 1.0 2.5 3.0
77 3.0 5.5 4.5 4.0 5.0
78 7.0 5.0 7.0 4.5 3.0
79 7.0 4.5 5.0 4.5 7.0
80 5.5 5.0 5.0 5.0 4.0
81 4.0 6.0 5.5 4.0 2.0
82 6.5 3.5 7.0 6.0 3.5
83 5.5 3.0 4.5 5.5 2.5
84 6.0 4.0 3.5 4.5 3.0
85 4.5 4.5 4.0 4.0 4.0
86 5.0 4.0 6.0 6.5 2.5
87 4.0 4.0 4.5 4.0 4.0
88 5.5 2.0 2.0 1.5 2.5
89 4.5 6.0 5.0 6.0 3.0
90 6.0 1.0 3.0 7.0 3.0
91 3.5 5.0 4.5 5.0 4.5
92 6.5 2.5 4.5 4.0 5.5
93 4.5 4.5 6.0 7.0 2.0
94 5.5 4.0 6.0 2.5 4.0
95 6.0 3.5 4.5 4.5 2.0
96 5.5 3.5 5.0 5.5 4.0
97 6.5 4.5 2.5 5.5 4.5
98 4.0 3.5 3.5 4.0 4.0
99 4.5 4.0 3.5 5.0 3.0
100 7.0 3.0 6.5 4.0 4.5
101 5.5 3.5 6.0 5.5 3.0
102 6.0 4.5 5.5 4.0 3.5
103 5.5 3.5 6.0 4.5 2.0
104 7.0 4.0 4.5 6.5 1.5
105 5.5 6.5 6.0 6.0 5.0
106 4.5 5.0 3.0 7.0 1.5
107 7.0 2.5 5.0 3.5 2.5
108 6.0 4.0 5.0 4.0 2.5
109 6.5 4.0 6.0 4.5 4.0
110 5.0 4.5 5.5 4.0 4.5
111 6.0 3.5 4.5 2.5 4.5
112 6.0 4.5 3.0 5.5 6.0
113 5.0 4.0 3.5 4.0 1.0
114 5.5 3.5 2.0 3.5 1.5
115 6.0 3.5 4.0 3.0 3.5
116 6.5 4.0 6.0 4.5 3.5
117 5.5 4.0 5.5 3.5 5.5
118 7.0 6.0 6.0 4.5 3.0
119 6.5 3.5 2.0 3.0 3.5
120 7.0 2.5 6.0 5.5 5.0
121 6.5 3.5 4.0 6.5 6.0
122 4.0 2.0 3.5 3.0 2.0
123 6.5 3.5 7.0 6.0 2.0
124 5.5 5.5 3.0 4.5 2.0
125 6.0 4.0 3.5 5.0 1.5
126 4.0 4.5 5.5 5.5 6.0
127 6.0 3.0 6.5 7.0 2.0
128 5.5 4.0 6.5 2.5 3.5
129 5.0 4.0 5.0 5.0 3.0
130 3.5 3.0 3.0 5.5 2.0
131 4.5 6.0 4.5 5.0 5.0
132 5.5 1.0 5.5 7.0 1.0
133 3.0 4.5 4.0 6.0 1.5
134 5.0 3.5 3.0 4.5 2.0
135 5.0 5.5 7.0 7.0 1.5
136 6.0 4.5 4.5 4.5 4.5
137 4.0 6.0 6.0 5.0 4.0
138 5.0 2.5 4.0 3.0 2.5
139 5.5 3.5 4.5 5.5 2.5
140 5.5 4.0 5.0 5.0 4.5
141 4.5 4.5 4.0 4.0 4.5
142 4.5 4.0 5.5 5.0 6.0
143 6.0 3.5 3.5 4.5 5.5
144 5.0 4.0 5.0 6.0 6.5
145 5.5 4.0 6.5 6.0 6.5
146 5.5 5.5 6.5 2.5 2.0
147 4.0 3.0 6.0 3.5 3.5
148 2.5 4.5 5.0 5.5 3.0
149 6.0 3.0 6.0 4.0 4.0
150 5.5 5.0 4.5 3.0 2.0
151 6.0 4.5 2.0 4.5 3.5
152 5.0 6.0 1.5 3.0 1.5
153 5.5 7.0 5.5 6.0 4.0
154 6.5 4.5 4.0 7.0 1.5
155 6.5 4.0 5.5 5.5 3.5
156 6.5 5.0 4.5 2.0 3.5
157 5.5 3.5 6.0 2.5 4.0
158 7.0 3.0 2.5 4.0 1.5
159 7.0 3.0 6.0 5.5 3.5
160 5.0 5.0 6.0 6.0 5.5
161 6.0 6.0 6.0 5.5 2.0
162 6.5 3.0 5.5 4.0 4.5
163 6.0 2.5 3.0 4.5 2.5
164 3.5 4.0 3.5 6.0 1.5
165 7.0 3.0 7.0 2.5 4.0
166 6.5 5.5 3.5 5.5 2.5
167 6.0 3.5 4.0 3.0 2.5
168 5.0 5.0 5.5 5.5 2.5
169 6.0 3.5 5.5 5.5 2.0
170 6.5 5.0 3.5 5.0 4.5
171 5.5 3.5 6.5 6.0 2.0
172 6.0 4.5 4.0 5.0 3.0
173 5.0 3.0 4.5 5.0 3.5
174 6.0 2.5 5.5 7.0 3.5
175 4.5 6.0 5.0 5.5 2.5
176 5.0 6.0 5.5 6.5 4.0
177 6.5 1.5 3.5 4.5 1.5
178 7.0 3.0 5.0 6.5 3.0
179 5.0 4.0 4.0 3.5 2.0
180 5.0 5.5 5.5 3.5 1.0
181 5.5 5.5 5.0 5.0 4.5
182 7.0 4.0 4.0 1.0 7.0
183 6.0 2.5 4.0 3.5 4.0
184 6.5 3.5 3.0 4.5 5.5
185 4.0 5.0 5.5 1.5 4.5
186 5.5 2.0 4.5 3.0 2.5
187 5.0 4.5 4.0 5.0 3.0
188 6.0 5.0 4.5 3.0 3.0
189 6.5 4.5 2.5 5.0 2.0
190 5.5 5.5 4.5 4.5 1.5
191 3.5 4.5 5.0 4.5 3.0
192 5.5 5.0 5.5 4.0 2.5
193 5.5 2.5 4.5 4.0 2.5
194 5.0 5.0 6.0 6.5 3.0
195 5.5 4.0 4.0 7.0 4.5
196 4.5 1.5 1.5 1.0 1.5
197 4.0 3.5 3.5 2.5 2.5
198 6.0 3.5 7.0 4.5 4.0
199 5.5 4.0 3.0 5.5 2.0
200 3.5 4.5 3.5 5.5 1.0
201 5.0 5.0 4.0 4.0 2.5
202 5.5 5.0 7.0 5.0 4.0
203 7.0 4.0 5.0 5.5 2.0
204 6.5 5.0 3.5 3.5 5.5
205 5.0 3.5 3.0 3.0 5.0
206 4.5 5.0 7.0 5.0 3.5
207 1.5 4.5 6.0 5.5 1.5
208 5.5 2.5 3.0 3.0 1.5
209 4.5 3.5 5.0 6.0 1.0
210 4.0 4.0 3.5 4.5 4.0
211 6.0 1.5 3.0 6.0 3.5
212 4.5 4.0 4.5 5.0 5.0
213 5.5 4.0 3.5 5.0 3.0
214 6.0 2.0 2.5 3.0 4.0
215 6.0 4.0 3.0 5.0 3.0
216 7.0 1.5 2.0 6.5 1.0
217 6.0 6.0 3.0 4.0 3.5
218 6.0 5.0 5.0 4.0 2.0
219 6.0 4.0 4.5 5.0 4.0
220 6.0 3.0 5.5 6.0 3.0
221 3.5 5.5 4.5 6.0 2.0
222 5.0 3.0 4.0 5.5 4.0
223 4.0 3.0 3.5 4.0 6.0
224 4.0 3.5 3.5 4.0 1.5
225 4.0 5.0 5.5 5.0 4.0
226 5.5 3.5 4.0 3.5 5.0
227 4.0 3.5 2.5 6.0 2.5
228 5.0 2.5 5.0 5.5 3.5
229 5.0 4.5 4.5 3.0 2.0
230 5.0 3.5 3.0 4.0 3.0
231 6.0 4.0 2.0 1.5 1.0
232 3.5 3.5 3.0 4.0 3.0
233 7.0 5.0 6.5 7.0 5.5
234 5.5 3.5 4.0 5.5 4.5
235 6.5 3.0 5.0 3.0 3.0
236 6.0 6.5 6.0 6.0 6.0
237 6.0 4.0 6.5 4.5 5.0
238 6.0 5.5 7.0 7.0 4.5
239 5.0 4.0 5.0 3.5 4.5
240 5.0 4.5 6.5 5.0 3.0
241 4.5 5.0 5.0 4.5 4.0
242 5.0 4.0 3.0 3.5 3.0
243 5.0 3.5 4.5 3.5 3.0
244 5.0 3.0 6.0 5.5 2.0
245 5.5 3.0 4.5 5.0 5.0
246 4.0 1.5 2.5 6.0 1.0
247 4.0 5.5 4.0 6.0 4.0
248 2.0 5.0 5.0 5.5 1.0
249 5.5 4.0 7.0 4.5 2.5
250 4.5 3.5 5.5 5.5 3.5
251 5.0 6.5 6.5 5.5 6.0
252 7.0 4.0 3.5 4.5 4.5
253 5.0 3.5 5.0 4.0 2.0
254 4.0 7.0 4.5 5.5 2.0
255 3.5 4.0 3.0 3.0 3.5
256 5.0 4.0 4.0 5.0 4.5
257 6.0 5.0 5.0 4.5 2.0
258 6.0 6.5 3.5 4.5 2.5
259 6.5 4.0 7.0 6.0 4.5
260 5.0 3.5 4.5 3.0 2.5
261 5.0 6.5 4.0 4.0 2.5
262 5.5 4.0 3.0 3.0 1.5
263 4.5 2.0 4.5 4.5 1.5
264 3.5 4.0 5.0 3.5 2.5
265 4.0 3.0 5.5 4.0 2.0
266 5.5 3.5 4.0 5.5 4.0
267 3.5 4.0 3.0 3.5 3.0
268 7.0 6.5 4.5 5.5 4.0
269 5.0 3.5 4.5 5.5 3.5
270 7.0 5.0 5.5 2.5 7.0
271 4.5 6.5 6.0 6.0 2.0
272 6.5 2.5 5.5 4.0 2.5
273 5.0 3.5 6.0 5.5 2.0
274 6.0 6.5 6.5 6.5 4.0
275 6.5 4.0 4.5 5.0 5.5
276 6.5 4.5 6.5 4.5 6.5
277 4.0 4.0 5.0 6.0 2.0
278 5.5 3.5 4.5 6.0 3.0
279 6.5 3.5 2.5 4.0 5.5
280 6.5 5.0 3.5 5.0 3.5
281 5.5 6.5 3.5 4.5 5.5
282 5.0 3.0 3.5 4.0 2.5
283 5.0 4.5 4.0 6.0 5.0
284 7.0 4.0 2.5 3.0 7.0
285 5.0 3.5 3.0 3.0 5.0
286 5.0 3.5 5.0 5.0 4.0
287 4.5 2.5 1.5 5.5 2.5
288 6.0 2.5 4.5 5.0 3.5
289 5.5 5.0 3.0 5.0 4.0
290 6.5 3.0 5.5 5.5 3.5
291 4.0 2.5 3.5 7.0 3.0
292 7.0 6.0 5.0 6.0 3.5
293 3.5 6.5 6.0 7.0 2.5
294 5.0 3.5 5.0 3.0 4.5
295 6.0 2.5 5.5 5.0 4.5
296 5.0 4.5 3.0 5.5 2.5
297 7.0 4.5 4.5 3.0 2.0
298 5.5 3.0 2.5 4.0 4.0
299 4.5 6.0 4.5 4.5 4.5
300 5.0 4.0 3.0 4.0 1.5
301 5.0 4.5 5.0 6.5 2.5
302 5.0 4.0 5.0 4.5 4.5
303 5.5 3.5 6.5 6.5 4.5
304 6.5 3.0 3.5 5.5 4.0
305 6.0 5.0 5.0 6.0 3.5
306 4.0 6.5 5.0 4.0 5.5
307 5.0 2.0 2.5 3.5 3.0
308 5.0 5.0 4.0 3.0 4.0
309 5.0 3.5 5.5 6.0 4.5
310 4.0 5.0 5.0 4.0 3.5
311 6.0 4.5 3.5 6.0 4.5
312 4.5 5.5 6.5 7.0 3.0
313 6.0 3.5 5.5 6.0 4.5
314 5.0 3.5 4.0 3.5 1.5
315 5.0 3.0 4.5 6.5 2.5
316 6.5 7.0 6.5 6.0 5.5
317 6.5 4.5 6.5 2.5 5.5
318 5.0 3.0 4.5 3.0 3.0
319 2.5 3.5 2.0 2.5 2.0
320 5.5 4.0 5.0 4.0 3.5
321 5.5 4.0 5.5 3.5 3.0
322 4.5 4.0 2.0 4.0 3.5
323 5.0 4.0 2.0 2.5 5.5
324 5.0 6.0 7.0 4.5 7.0
325 6.0 6.0 5.5 6.0 5.5
326 6.0 3.0 6.5 2.5 1.0
327 7.0 3.5 6.0 3.0 4.0
328 5.5 3.0 1.0 2.0 5.0
329 5.5 4.5 4.0 4.0 4.0
330 3.5 4.0 6.0 5.5 1.0
331 4.0 4.5 6.5 5.0 1.5
332 3.5 3.0 4.5 5.0 2.0
333 5.5 5.0 6.5 5.5 5.5
334 7.0 4.5 6.5 5.5 6.0
335 6.5 3.5 5.5 7.0 4.0
336 4.5 5.0 4.0 4.5 4.0
337 5.5 3.0 4.5 6.5 2.5
338 5.5 5.5 4.5 3.5 3.0
339 4.5 6.5 7.0 3.5 1.5
340 6.5 4.5 6.0 4.5 5.0
341 7.0 3.5 7.0 6.5 4.0
342 4.5 3.0 5.0 5.5 2.5
343 4.5 5.0 6.0 6.5 2.0
344 4.5 3.5 3.5 4.0 2.5
345 6.5 6.0 5.5 4.0 1.5
346 7.0 5.5 3.5 4.5 2.0
347 6.0 4.5 5.5 4.0 5.0
348 5.0 4.0 3.0 3.0 2.0
349 7.0 3.0 6.0 5.0 1.5
350 5.0 3.5 4.0 3.0 5.0
351 4.5 2.0 6.0 6.5 4.0
352 6.0 3.0 6.0 6.5 2.0
353 4.5 4.0 4.5 6.0 3.0
354 6.5 2.0 4.0 2.0 5.0
355 7.0 6.0 5.5 3.5 3.0
356 6.5 5.5 6.0 5.0 5.0
357 5.5 4.5 1.5 3.0 2.0
358 6.5 4.0 2.5 1.5 3.5
359 6.5 4.5 5.5 7.0 4.5
360 5.0 4.5 6.0 3.5 3.5
361 7.0 4.5 5.5 4.5 2.5
362 6.5 3.5 3.0 4.5 4.0
363 5.0 3.5 6.5 6.0 3.5
364 5.5 5.0 7.0 7.0 1.0
365 5.0 4.5 2.5 4.0 2.0
366 4.5 4.0 5.0 7.0 3.0
367 6.5 1.5 2.0 4.5 1.5
368 6.0 3.5 4.5 1.5 2.5
369 5.5 4.0 4.5 3.5 7.0
370 5.0 6.5 7.0 6.0 2.5
371 6.0 3.5 5.0 5.5 4.0
372 4.5 4.5 3.5 6.0 4.5
373 5.5 6.0 5.0 4.5 5.0
374 6.0 4.5 6.0 3.5 4.5
375 5.0 5.0 5.5 3.5 4.5
376 5.5 3.0 2.5 3.0 2.5
377 5.5 4.0 5.5 7.0 4.0
378 5.0 4.0 6.0 7.0 2.5
379 5.0 3.5 5.5 7.0 3.0
380 3.5 4.0 5.5 2.5 4.5
381 5.0 6.0 6.0 4.5 3.0
382 4.5 4.5 3.0 4.5 6.0
383 6.5 5.5 7.0 6.0 5.5
384 4.5 5.0 5.5 5.5 2.5
385 6.0 4.0 6.5 6.0 2.0
386 6.0 5.5 3.0 5.5 5.5
387 5.5 3.0 4.0 3.5 3.0
388 5.5 3.5 4.5 6.0 6.0
389 3.5 5.0 4.5 5.0 1.5
390 5.0 5.5 4.0 4.5 1.5
391 6.0 3.5 5.0 3.0 3.5
392 6.0 4.0 4.5 5.5 1.5
393 4.5 4.0 3.0 5.0 2.0
394 6.5 4.0 4.0 5.0 5.0
395 6.5 4.0 4.0 5.0 4.5
396 6.0 3.0 5.5 7.0 3.5
397 4.0 4.0 4.0 4.5 2.0
398 7.0 7.0 4.5 4.0 3.0
399 6.0 5.0 6.0 6.5 3.0
400 5.0 5.0 2.5 3.0 3.5
401 4.0 4.0 4.0 4.0 4.0
402 4.0 3.0 3.0 5.0 4.0
403 4.5 4.5 4.0 5.5 1.5
404 5.0 5.5 4.0 3.0 3.0
405 7.0 3.5 5.5 4.5 4.0
406 6.5 4.0 3.5 3.0 4.0
407 6.0 5.0 4.5 4.0 6.0
408 4.0 4.5 3.0 3.0 3.5
409 7.0 5.0 5.0 3.0 7.0
410 6.5 4.5 4.0 6.5 6.0
411 5.0 6.0 5.5 7.0 4.0
412 7.0 3.5 3.5 6.0 2.5
413 5.0 2.5 5.5 6.0 3.0
414 5.0 4.5 6.0 4.0 1.5
415 4.0 5.0 6.0 4.0 1.5
416 4.0 5.0 1.0 5.0 5.5
417 7.0 5.0 5.5 5.5 3.0
418 5.0 4.5 2.5 5.0 3.5
419 5.0 3.0 4.5 4.0 2.0
420 6.5 4.5 3.0 2.5 2.5
421 6.0 4.5 4.0 2.5 4.0
422 4.5 5.0 5.5 3.5 3.0
423 4.0 1.0 2.0 4.5 5.5
424 5.5 4.5 3.5 5.0 2.0
425 5.0 3.5 4.5 4.0 3.5
426 5.5 5.5 6.5 4.0 3.5
427 4.5 3.0 2.5 6.0 5.0
428 5.5 3.5 3.5 3.5 3.0
429 5.5 3.5 4.0 5.5 4.5
430 4.0 2.0 4.0 5.5 1.5
431 7.0 6.0 6.5 4.5 2.0
432 5.0 4.0 6.0 6.0 1.0
433 5.5 3.5 5.5 5.5 4.5
434 5.5 3.5 3.5 4.0 3.5
435 5.5 6.5 5.0 5.0 1.5
436 5.0 4.0 6.0 6.0 3.0
437 4.0 4.5 4.5 5.5 4.5
438 6.0 3.0 6.0 6.5 3.0
439 4.5 4.0 3.5 5.0 2.5
440 5.5 4.0 6.0 6.5 2.5
441 4.0 4.5 5.5 6.5 4.0
442 6.0 5.5 5.0 3.5 3.0
443 5.0 2.0 1.5 3.0 4.0
444 6.0 3.5 4.0 6.0 3.0
445 6.0 3.5 3.5 3.5 4.5
446 5.5 4.0 6.0 5.5 4.0
447 5.0 4.0 4.5 4.0 4.0
448 5.5 3.5 4.5 6.0 4.0
449 5.0 3.5 6.0 2.5 2.5
450 6.0 4.0 6.5 5.5 1.0
451 4.0 4.5 3.0 2.5 3.5
452 6.0 6.5 5.5 6.0 3.5
453 5.5 3.5 5.5 5.0 4.0
454 5.5 3.5 6.0 6.0 1.5
455 5.5 5.0 4.0 5.0 2.0
456 5.0 4.0 6.0 6.5 4.5
457 5.5 4.0 3.0 3.5 3.0
458 6.5 5.0 7.0 6.0 4.0
459 5.5 3.5 4.5 3.5 5.0
460 6.0 2.5 5.5 1.5 2.0
461 6.0 4.5 6.0 2.5 4.5
462 5.5 3.5 3.5 6.0 2.5
463 6.0 6.0 5.5 4.0 2.5
464 6.5 4.0 1.0 2.5 1.0
465 6.5 5.0 4.0 4.5 3.0
466 4.5 3.5 4.0 5.0 3.0
467 6.5 6.0 7.0 7.0 6.5
468 3.0 6.0 2.5 4.0 4.0
469 6.0 4.0 5.5 6.0 3.5
470 4.5 6.0 5.5 5.0 4.5
471 6.5 4.0 7.0 6.0 2.5
472 4.0 4.0 4.5 6.0 5.0
473 5.5 4.0 4.0 3.5 2.5
474 5.0 4.0 2.5 2.5 3.5
475 7.0 3.0 7.0 4.5 1.0
476 5.5 4.0 4.0 7.0 3.0
477 4.0 4.0 4.0 4.5 3.0
478 5.5 4.0 3.0 5.5 4.0
479 3.0 2.5 3.5 2.0 6.5
480 5.0 3.5 1.5 3.5 1.5
481 6.0 4.5 4.0 6.5 5.5
482 4.0 4.0 3.5 4.5 4.0
483 4.5 5.0 5.5 5.0 2.5
484 5.5 4.5 4.5 5.0 4.5
485 6.5 2.5 7.0 4.5 3.5
486 4.5 4.5 5.5 4.0 2.5
487 4.5 4.5 5.5 5.5 3.5
488 5.5 4.5 6.0 5.5 3.5
489 4.0 3.5 4.5 4.0 2.0
490 5.5 2.5 3.0 5.5 2.0
491 5.0 4.5 5.5 4.5 2.0
492 6.0 6.5 1.5 2.5 4.0
493 4.0 5.5 6.0 4.5 1.5
494 6.0 3.5 5.0 6.0 1.5
495 4.5 3.0 2.5 5.5 1.0
496 6.0 5.0 2.5 3.5 5.5
497 4.5 4.5 6.0 3.5 2.5
498 4.0 5.5 6.0 6.0 2.5
499 4.0 5.0 2.0 2.5 3.0
500 4.5 2.5 4.0 7.0 3.0
501 3.0 2.5 4.0 5.5 3.5
502 5.0 6.0 4.5 6.0 5.0
503 6.0 4.5 4.0 3.5 2.0
504 4.0 3.0 4.0 5.0 1.0
505 6.0 4.0 5.0 3.5 2.5
506 6.0 4.0 4.5 3.0 3.0
507 7.0 6.0 6.5 6.0 5.0
508 5.0 5.5 6.0 4.5 2.0
509 4.5 3.5 3.0 5.0 6.0
510 4.0 4.5 4.0 6.5 1.5
511 6.0 4.5 5.5 5.5 1.0
512 5.5 3.5 4.0 5.0 3.0
513 3.5 4.5 5.0 5.0 3.0
514 5.0 4.0 5.5 4.5 3.5
515 4.0 4.0 4.0 4.0 4.0
516 4.0 3.0 3.5 5.5 2.0
517 3.5 5.0 4.5 4.0 3.0
518 6.0 3.5 5.0 3.0 6.0
519 4.0 5.0 4.5 4.0 2.0
520 5.5 4.0 6.0 4.0 3.0
521 6.5 2.0 4.0 4.0 1.5
522 6.0 5.0 6.0 3.0 6.0
523 7.0 4.5 3.5 3.5 3.5
524 7.0 2.5 6.0 6.0 3.5
525 4.5 6.5 6.0 5.5 2.5
526 5.5 5.0 4.0 6.5 5.0
527 4.0 2.0 2.5 5.5 2.0
528 4.0 2.5 6.0 6.5 2.5
529 4.0 4.0 4.5 3.0 1.0
530 5.0 5.0 4.0 5.0 6.0
531 6.0 6.5 6.5 7.0 5.5
532 5.0 4.0 4.0 5.5 3.0
533 5.0 7.0 7.0 4.5 7.0
534 6.0 4.0 3.5 3.5 5.5
535 5.5 5.5 4.5 5.0 5.0
536 5.5 4.5 5.0 5.5 1.5
537 6.5 4.5 4.5 3.0 4.5
538 4.0 5.5 5.0 4.5 2.5
539 3.5 4.5 6.0 6.5 2.5
540 4.5 4.5 3.5 4.0 4.0
541 5.5 3.5 5.5 4.0 5.5
542 5.5 4.0 6.5 7.0 1.5
543 6.5 4.5 6.5 5.5 6.0
544 4.5 5.5 2.5 2.5 2.0
545 6.5 3.5 3.0 3.0 2.5
546 5.5 5.5 5.0 5.0 3.5
547 5.0 6.0 4.0 2.0 3.0
548 3.5 3.5 4.0 3.0 5.0
549 5.0 5.5 6.0 5.5 2.0
550 6.5 3.5 4.5 7.0 5.0
551 2.5 3.0 3.5 4.5 2.0
552 6.5 4.0 6.5 3.0 5.5
553 5.5 6.0 2.0 4.5 1.0
554 4.5 3.5 6.0 5.5 1.0
555 7.0 6.0 3.5 2.0 2.5
556 7.0 4.5 6.0 4.0 5.5
557 5.5 2.5 2.0 2.0 3.0
558 4.5 4.0 6.0 6.0 3.0
559 5.5 4.5 3.5 5.5 3.0
560 6.0 3.5 4.0 5.0 2.0
561 6.0 4.5 3.5 5.5 3.0
562 6.0 4.5 5.0 6.5 2.0
563 5.0 4.5 3.5 3.5 4.5
564 3.5 4.5 4.5 4.0 2.5
565 5.5 3.0 4.5 2.5 3.5
566 7.0 3.5 4.5 5.5 6.5
567 6.5 6.0 5.5 3.5 6.5
568 4.5 3.5 5.0 4.0 3.0
569 4.5 3.5 4.0 5.5 2.0
570 5.5 5.5 4.0 4.5 3.0
571 4.5 4.5 5.5 3.5 5.0
572 6.0 3.5 4.0 2.0 3.0
573 5.5 6.5 4.0 3.0 4.0
574 6.0 3.5 4.5 4.0 5.0
575 6.5 5.5 6.0 2.5 4.5
576 4.5 5.0 3.5 4.5 6.0
577 5.5 6.0 2.5 3.5 2.5
578 5.5 5.5 4.0 5.5 4.5
579 3.5 4.0 3.5 2.5 4.0
580 6.0 3.5 6.5 3.5 4.0
581 5.5 3.5 4.0 4.5 3.0
582 5.5 4.0 5.5 5.5 4.0
583 4.5 5.5 5.5 3.0 1.5
584 3.5 3.5 4.0 5.5 1.0
585 4.5 3.5 6.5 4.5 2.0
586 6.0 3.5 4.0 4.5 5.5
587 6.5 4.5 6.5 5.0 4.0
588 6.5 5.0 7.0 6.0 3.0
589 4.5 5.5 5.5 4.0 2.5
590 5.5 5.0 3.0 5.5 2.0
591 6.0 4.5 3.5 3.0 4.0
592 5.5 3.5 2.5 5.0 3.5
593 5.5 3.0 5.5 4.0 2.5
594 6.5 4.0 3.5 3.0 4.5
595 6.5 5.0 4.0 7.0 6.0
596 6.0 3.5 4.5 6.0 5.0
597 5.5 4.5 1.5 3.0 5.0
598 5.0 3.0 5.0 4.0 2.0
599 6.0 2.5 3.0 3.0 2.5
600 4.5 4.0 5.5 3.5 5.0
601 6.0 5.0 7.0 5.5 1.0
602 5.0 3.0 3.5 5.0 5.5
603 5.5 5.0 6.0 4.5 5.0
604 7.0 6.5 6.0 2.5 5.5
605 5.5 3.0 5.5 3.0 6.5
606 4.5 3.5 4.0 5.0 1.5
607 5.5 4.0 6.0 5.0 1.0
608 5.0 4.5 6.5 5.0 4.0
609 4.5 4.5 5.5 4.0 5.0
610 5.5 5.0 4.0 5.5 1.5
611 3.0 4.0 5.0 3.0 4.0
612 7.0 4.0 5.5 3.0 1.5
613 4.0 5.5 6.0 4.0 5.5
614 5.0 3.5 4.0 5.0 2.0
615 7.0 6.0 5.5 4.5 1.5
616 3.5 3.5 6.0 4.0 5.0
617 4.5 4.0 6.0 3.5 2.5
618 7.0 6.5 5.5 4.0 4.0
619 5.0 4.5 5.5 5.0 3.5
620 5.5 4.5 6.5 6.5 2.5
621 7.0 3.5 3.5 4.5 3.0
622 6.0 6.5 6.0 5.5 2.5
623 4.5 5.0 4.5 6.0 5.5
624 5.0 5.0 6.5 7.0 4.5
625 4.0 7.0 4.0 4.0 7.0
626 4.0 6.5 6.0 4.5 1.5
627 4.5 3.0 5.0 5.0 2.5
628 7.0 5.5 2.5 3.0 6.0
629 5.0 5.5 3.0 4.0 2.0
630 5.0 5.0 5.5 6.0 5.0
631 5.5 4.0 6.0 5.5 2.0
632 5.0 3.5 3.0 4.5 5.0
633 5.0 4.0 3.5 4.0 4.0
634 4.0 2.5 5.5 4.5 1.0
635 3.5 4.0 5.5 5.5 3.5
636 7.0 3.0 7.0 6.0 4.5
637 3.5 4.0 3.0 5.0 4.0
638 4.5 3.5 5.5 4.0 3.0
639 5.5 4.5 4.5 6.0 2.5
640 4.5 3.5 3.0 3.5 2.5
641 4.5 3.5 4.5 2.0 2.5
642 3.5 5.0 5.0 5.5 1.0
643 5.5 4.5 5.0 6.5 1.5
644 7.0 6.5 7.0 5.0 3.0
645 5.5 3.5 2.0 4.0 4.5
646 6.5 4.0 6.5 4.5 3.5
647 6.5 3.5 3.5 4.0 5.0
648 5.0 3.5 4.5 3.5 3.0
649 5.0 5.5 6.0 6.5 2.0
650 6.0 4.5 3.5 3.0 5.0
651 4.5 4.0 6.0 5.0 3.5
652 5.5 5.0 5.0 7.0 4.0
653 6.5 4.0 6.0 4.5 5.0
654 6.5 4.5 5.0 4.0 7.0
655 3.5 5.0 2.5 5.5 1.5
656 6.5 4.5 6.5 7.0 5.5
657 4.5 4.5 6.5 6.0 5.0
658 6.0 5.5 6.0 6.0 3.0
659 3.0 5.0 4.5 4.0 1.5
660 6.0 4.5 6.5 6.5 6.0
661 7.0 3.0 1.0 4.5 5.5
662 4.0 4.0 4.0 4.0 3.5
663 7.0 6.0 3.0 3.0 2.0
664 4.0 5.0 5.0 5.0 3.0
665 5.0 4.5 4.5 3.0 5.5
666 6.0 3.5 2.0 6.0 5.5
667 7.0 6.5 3.5 4.0 3.0
668 5.0 4.0 5.5 4.0 2.5
669 5.0 4.0 5.5 4.0 6.5
670 5.0 4.0 4.0 3.5 2.0
671 2.5 3.5 4.5 4.0 4.5
672 5.0 3.0 2.5 3.5 4.0
673 6.0 6.5 6.0 6.0 5.0
674 6.0 4.0 6.0 1.0 4.5
675 6.0 3.0 5.5 6.5 4.5
676 6.0 4.0 2.0 3.0 4.5
677 7.0 4.5 3.0 3.5 6.0
678 6.5 5.0 6.0 7.0 7.0
679 6.5 3.5 7.0 7.0 3.0
680 5.5 2.5 5.0 6.5 4.5
681 5.0 4.0 5.0 5.5 4.5
682 4.5 5.0 4.0 4.5 4.5
683 5.5 2.5 3.5 4.0 4.0
684 3.5 4.5 6.0 5.5 1.0
685 6.5 5.0 5.5 6.0 5.5
686 4.0 2.0 3.0 4.5 2.0
687 3.5 3.5 4.0 6.0 2.0
688 7.0 4.0 3.5 3.0 5.0
689 7.0 3.5 2.5 5.0 3.0
690 5.5 4.0 3.0 2.5 3.0
691 3.5 5.0 5.5 2.5 3.0
692 5.5 6.5 6.0 6.5 4.5
693 6.0 5.5 7.0 5.5 5.0
694 5.5 5.0 2.5 6.5 5.5
695 5.0 4.5 3.5 5.5 5.0
696 6.5 7.0 4.5 7.0 6.0
697 4.5 5.5 4.0 3.5 2.5
698 5.5 5.5 3.0 4.0 6.5
699 6.5 6.0 4.5 4.5 3.5
700 6.0 4.0 4.0 6.0 4.5
701 7.0 5.5 3.5 7.0 7.0
702 4.5 4.0 6.0 7.0 3.5
703 6.5 5.0 6.0 6.5 5.0
704 6.0 4.0 3.0 5.5 5.5
705 4.5 4.0 5.0 4.0 4.0
706 3.5 3.5 3.5 7.0 4.5
707 4.5 2.5 4.0 3.5 3.0
708 6.0 4.0 1.5 6.0 4.0
709 5.5 6.5 5.5 3.5 2.5
710 5.5 4.5 4.5 5.5 2.5
711 4.5 3.5 5.0 5.0 4.0
712 4.5 3.5 7.0 6.0 2.0
713 6.5 2.5 4.0 5.0 2.0
714 7.0 4.5 6.0 7.0 6.0
715 6.5 4.0 3.5 3.0 1.5
716 5.5 2.5 4.0 4.0 2.5
717 5.0 5.5 3.5 5.0 1.5
718 7.0 4.0 3.5 3.0 3.0
719 5.0 4.0 4.0 5.0 4.0
720 7.0 2.5 4.5 5.0 3.5
721 6.0 3.5 7.0 5.5 5.5
722 4.0 3.5 2.5 4.0 1.0
723 5.5 3.5 3.5 3.0 2.5
724 4.0 4.0 3.5 3.5 2.5
725 6.0 4.5 4.0 5.5 3.5
726 6.5 4.0 7.0 4.0 3.0
727 5.0 3.0 3.5 4.5 5.5
728 4.5 3.0 4.5 4.5 2.0
729 4.0 4.0 4.0 5.5 2.5
730 2.5 5.5 6.5 4.0 3.5
731 5.0 3.5 5.0 4.5 5.5
732 5.5 4.5 4.0 5.5 4.0
733 7.0 3.0 7.0 5.0 2.5
734 6.0 5.0 4.5 3.5 4.0
735 5.5 3.5 3.5 5.5 5.0
736 5.5 4.0 4.5 1.5 3.5
737 5.0 3.5 4.5 5.5 2.0
738 5.5 4.0 4.0 4.0 3.0
739 4.0 2.5 6.0 5.0 2.0
740 5.5 4.0 3.5 4.0 5.0
741 6.5 3.5 6.5 6.5 5.0
742 6.0 3.5 7.0 4.0 4.0
743 6.0 3.0 3.5 6.0 3.0
744 4.0 3.0 5.5 3.5 2.5
745 5.5 4.0 4.0 4.5 2.0
746 6.0 5.5 7.0 6.5 2.5
747 5.5 3.5 3.5 5.5 3.5
748 4.5 3.0 5.5 4.0 1.5
749 6.0 4.5 5.0 5.0 3.5
750 5.5 5.5 2.0 5.5 4.0
751 5.5 5.5 7.0 4.5 1.0
752 2.0 5.0 3.5 7.0 1.0
753 4.0 3.5 4.0 6.0 2.0
754 4.0 6.0 2.5 5.5 2.0
755 5.5 5.5 7.0 5.0 4.5
756 3.0 3.0 3.0 5.0 2.0
757 6.5 5.0 5.5 5.0 4.0
758 7.0 4.5 5.0 6.5 5.0
759 5.5 5.0 7.0 5.5 3.5
760 4.5 4.0 5.0 3.5 2.0
761 7.0 4.5 4.5 5.5 2.5
762 5.0 2.5 1.5 5.0 5.0
763 5.0 5.5 5.0 5.0 3.5
764 6.0 4.0 4.0 2.5 2.0
765 5.5 2.5 7.0 4.0 5.5
766 6.5 5.5 6.0 5.5 3.5
767 6.0 3.5 5.5 5.0 3.0
768 6.5 6.0 4.0 4.5 2.5
769 7.0 5.0 4.0 4.5 6.0
770 4.5 4.5 5.0 3.0 4.5
771 5.5 2.0 4.5 7.0 2.0
772 7.0 6.0 7.0 4.5 5.0
773 4.5 4.0 4.5 4.5 4.0
774 5.5 2.5 6.0 1.5 5.0
775 5.0 4.0 5.5 6.5 4.5
776 4.5 3.5 4.5 4.0 4.5
777 5.5 5.5 6.0 5.5 2.0
778 6.0 2.0 3.5 6.0 2.5
779 4.5 4.5 2.0 5.0 2.5
780 4.5 4.5 4.5 3.5 3.5
781 6.5 5.5 7.0 5.5 3.0
782 6.0 3.5 1.5 4.5 6.0
783 2.5 2.5 5.0 4.5 4.5
784 4.0 4.5 4.5 6.5 1.5
785 6.5 4.5 5.5 6.0 2.5
786 6.0 3.0 4.0 2.5 4.0
787 5.5 4.0 5.0 5.5 2.5
788 6.0 5.0 5.5 6.5 3.5
789 4.5 4.0 6.0 4.0 3.0
790 4.5 4.5 5.5 4.0 1.0
791 5.0 2.0 3.5 4.0 1.5
792 5.5 4.0 6.5 6.0 5.5
793 5.0 5.0 5.0 4.5 2.5
794 5.5 2.0 6.0 6.0 2.0
795 5.0 1.0 3.5 3.5 3.5
796 5.0 4.0 6.5 5.5 1.5
797 6.0 4.5 3.5 2.5 6.0
798 5.0 4.0 7.0 5.5 2.5
799 6.0 4.0 4.5 4.5 6.0
800 5.5 3.5 2.0 5.0 2.5
801 6.5 4.5 4.5 4.0 4.5
802 5.5 5.0 3.0 4.5 3.0
803 6.5 5.5 6.0 6.0 3.5
804 6.0 3.5 6.0 5.0 3.0
805 7.0 4.0 7.0 6.0 7.0
806 6.0 4.0 3.0 6.0 6.0
807 5.5 4.5 4.5 4.5 3.5
808 5.0 3.5 3.5 4.0 4.0
809 6.0 7.0 4.5 6.0 6.0
810 5.5 3.5 5.0 4.5 5.5
811 6.0 6.5 7.0 5.0 3.0
812 5.5 4.5 4.0 5.5 5.5
813 7.0 4.5 6.5 7.0 1.0
814 5.5 6.0 2.5 3.0 3.0
815 5.0 4.5 6.5 5.0 5.0
816 7.0 1.5 6.0 3.5 4.5
817 4.0 6.5 5.0 6.5 2.0
818 5.5 7.0 5.5 6.0 2.5
819 5.5 2.5 5.5 6.5 4.5
820 5.5 2.5 5.0 6.0 3.0
821 5.5 3.0 5.5 5.5 2.0
822 5.5 4.0 4.0 6.0 4.5
823 2.5 2.0 5.5 5.5 1.0
824 6.0 5.0 5.5 5.0 4.0
825 4.5 3.0 4.5 6.0 4.5
826 6.0 4.5 3.5 6.0 6.0
827 4.0 3.0 3.5 2.5 2.0
828 4.5 5.5 5.5 5.0 3.5
829 6.5 6.0 6.0 4.0 4.0
830 7.0 4.0 4.0 7.0 4.0
831 5.5 4.0 3.5 5.5 4.0
832 4.0 6.0 5.0 5.0 3.0
833 6.0 2.5 3.5 1.5 2.0
834 5.5 4.0 4.5 5.0 2.5
835 4.0 2.5 2.5 3.0 2.5
836 7.0 3.0 4.0 6.0 3.5
837 3.5 4.5 3.5 3.5 4.0
838 6.0 5.0 1.5 2.0 4.5
839 6.0 5.5 5.5 6.0 5.0
840 6.5 4.5 5.0 5.0 4.0
841 5.5 3.0 3.5 5.0 2.5
842 5.5 5.5 3.5 3.0 3.0
843 5.5 4.5 4.0 4.5 2.5
844 5.0 4.5 5.5 5.5 4.0
845 4.5 4.0 5.0 4.0 2.5
846 6.0 4.5 3.0 5.5 4.0
847 6.0 4.0 6.0 7.0 5.5
848 5.0 3.5 6.0 6.5 4.0
849 3.0 2.0 4.5 5.5 1.5
850 7.0 3.0 2.5 6.5 3.0
851 6.0 4.5 5.5 5.0 6.0
852 6.0 6.5 5.5 4.0 6.5
853 4.5 3.5 5.0 4.0 2.5
854 2.5 6.0 6.5 6.5 3.0
855 5.0 4.0 4.5 6.0 1.5
856 6.5 4.0 5.0 4.0 3.5
857 2.5 6.0 6.5 6.5 1.0
858 6.0 5.0 4.5 4.0 2.0
859 4.0 3.0 2.5 4.5 2.5
860 5.5 5.5 6.0 6.0 2.0
861 6.0 7.0 6.5 7.0 5.0
862 7.0 4.0 6.0 6.0 3.0
863 6.5 5.0 5.0 4.0 3.5
864 4.5 6.0 6.5 5.0 4.0
865 5.0 3.5 6.5 7.0 2.5
866 6.5 4.5 1.5 2.5 4.5
867 6.5 5.5 4.0 6.0 4.0
868 7.0 4.0 5.0 6.5 3.5
869 6.5 4.0 3.0 3.0 3.0
870 3.5 3.5 5.0 3.0 2.0
871 4.5 6.5 4.0 6.0 3.0
872 6.5 3.5 3.0 5.0 5.0
873 5.5 3.5 4.0 4.5 3.5
874 7.0 2.5 4.0 6.5 3.0
875 4.0 6.0 7.0 4.5 1.0
876 5.5 1.5 3.5 1.0 1.0
877 6.0 3.5 5.0 6.0 5.0
878 4.5 3.0 5.0 3.0 2.0
879 5.5 3.0 5.5 4.0 4.5
880 2.0 3.0 4.0 6.0 1.5
881 5.5 6.5 6.5 6.0 4.5
882 6.0 4.0 2.5 5.0 2.5
883 5.0 4.5 5.5 5.0 6.0
884 4.5 3.0 4.0 5.0 4.0
885 5.0 4.5 3.0 5.5 1.0
886 4.0 4.0 4.0 4.0 4.0
887 4.0 6.0 6.5 3.0 1.0
888 6.0 4.0 4.0 5.5 3.5
889 4.5 1.5 7.0 7.0 1.0
890 3.0 4.0 1.0 4.5 5.0
891 5.0 5.0 6.0 5.5 4.0
892 4.0 3.5 4.5 6.0 1.0
893 5.5 3.5 2.5 5.5 2.0
894 6.0 4.5 5.5 3.5 2.0
895 5.0 5.0 4.5 5.0 5.0
896 4.0 4.5 4.0 5.5 4.5
897 5.5 4.5 6.0 6.0 4.5
898 6.0 4.5 3.0 3.5 4.5
899 4.5 4.5 6.0 5.5 1.0
900 7.0 6.0 6.0 4.5 5.0
901 5.0 3.5 2.0 2.5 2.0
902 2.0 3.5 5.0 5.0 2.0
740 5.5 4.0 3.5 4.0 5.0
904 4.5 4.0 4.0 5.0 4.0
905 5.0 4.5 3.0 3.0 3.0
906 4.5 3.5 3.0 4.5 3.5
907 5.0 5.0 3.5 6.0 2.5
908 6.0 4.5 5.0 4.5 5.0
909 5.0 3.5 4.0 5.5 1.0
910 4.0 4.5 2.5 6.0 2.5
911 5.0 3.0 5.5 4.5 4.5
912 6.0 4.0 5.5 4.0 4.5
913 4.0 4.0 5.5 3.5 2.5
914 5.5 4.0 4.5 4.0 3.0
915 5.0 4.5 4.5 4.5 5.0
916 5.0 3.5 5.5 5.0 4.0
917 5.0 5.5 3.5 3.0 5.0
918 5.5 3.5 1.5 1.5 2.5
919 5.0 4.0 4.0 4.5 4.5
920 6.0 3.5 7.0 2.5 4.0
921 4.5 6.0 2.0 1.5 5.0
922 5.0 4.0 3.5 3.0 4.5
923 6.5 6.5 4.0 4.5 1.0
924 5.0 3.5 5.5 3.5 3.0
925 5.5 3.0 4.0 4.5 4.5
926 4.5 5.0 4.5 5.5 4.0
927 6.0 4.5 2.5 2.5 4.5
928 5.5 5.5 3.0 3.5 6.0
929 4.0 4.0 3.5 4.0 4.5
930 7.0 4.0 3.5 3.5 6.5
931 5.0 3.5 3.5 3.0 6.0
932 7.0 3.0 6.0 3.5 2.5
933 4.0 6.5 3.0 2.5 1.0
934 4.5 3.0 4.5 5.0 1.0
935 6.0 4.0 3.5 3.5 4.5
936 7.0 7.0 1.5 2.5 6.0
937 5.5 5.5 5.5 5.5 5.0
938 5.0 3.5 4.0 5.0 3.0
939 4.0 5.0 4.0 7.0 2.0
940 5.5 3.0 4.5 5.0 1.5
941 6.5 6.5 3.5 5.5 1.5
942 5.0 4.5 2.5 4.5 2.5
943 5.5 4.5 6.0 5.5 4.5
944 5.0 3.0 5.0 2.0 2.0
945 6.0 6.5 4.5 6.0 1.5
946 5.0 4.0 5.5 7.0 1.5
947 6.5 4.0 6.0 5.0 4.0
948 6.5 4.0 6.5 4.0 1.0
949 6.5 3.0 4.5 4.0 4.5
950 5.0 4.5 6.5 5.0 1.0
951 4.5 5.5 4.5 5.0 4.5
952 4.5 4.0 4.0 2.5 2.0
953 6.0 2.0 4.5 5.5 2.5
954 4.0 4.0 2.0 6.0 5.5
955 5.0 4.0 5.5 4.5 4.5
956 5.0 6.0 4.5 5.5 3.0
957 6.0 4.0 3.5 2.0 5.0
958 5.5 4.0 5.0 3.5 4.0
959 5.5 2.5 5.0 2.5 4.5
960 7.0 6.5 6.0 4.0 6.0
961 5.5 6.0 4.0 4.5 5.0
962 6.0 4.5 4.0 5.5 2.5
963 5.0 6.0 6.0 6.0 4.5
964 3.5 6.5 7.0 5.5 1.5
965 3.5 4.0 5.0 5.0 3.0
966 3.5 4.0 6.0 5.0 1.5
967 5.0 2.5 4.5 5.0 2.0
968 7.0 4.5 3.5 2.0 6.0
969 4.0 3.5 4.5 5.0 3.5
970 4.0 4.0 4.0 4.0 3.0
971 4.5 6.5 5.5 4.5 1.5
972 6.5 4.0 4.5 3.5 1.5
973 5.5 2.5 3.5 4.5 2.0
974 6.5 6.0 4.0 4.0 4.5
975 6.0 3.5 6.5 6.5 5.0
976 6.5 4.5 3.0 5.5 2.5
977 3.5 4.0 2.5 3.0 5.0
978 6.0 5.5 5.0 7.0 2.0
979 4.5 2.5 4.5 2.5 2.0
980 3.5 4.5 5.5 2.5 3.0
981 5.0 4.0 5.5 4.0 4.0
982 5.5 6.5 6.0 5.5 2.0
983 5.5 2.0 3.5 3.5 1.0
984 2.5 5.5 5.0 6.0 3.5
985 1.0 4.0 4.0 7.0 1.0
986 7.0 5.5 2.5 4.5 1.5
987 6.0 4.0 6.0 5.5 2.0
988 4.5 5.0 2.5 3.0 3.0
989 5.0 4.0 3.0 3.0 6.5
990 5.5 2.0 3.5 3.0 4.5
991 5.5 4.0 3.0 3.0 5.5
992 4.5 5.5 2.0 4.0 5.0
993 5.0 6.0 5.0 3.0 1.5
994 6.0 6.0 6.0 6.0 2.5
995 6.5 2.5 3.5 2.0 3.5
996 6.0 3.0 6.5 6.5 1.0
997 5.0 4.5 6.0 3.0 4.5
998 5.5 5.5 5.0 6.5 4.0
999 4.5 4.5 5.0 5.5 3.0
1000 6.5 4.0 4.5 6.0 3.5
1001 6.0 4.5 3.0 6.0 6.0
1002 5.5 4.0 4.5 7.0 2.5
1003 6.5 4.5 4.0 6.5 4.0
1004 3.0 2.0 4.5 3.0 2.5
1005 6.0 4.5 3.5 2.5 4.5
1006 5.5 4.5 4.0 5.0 4.0
1007 6.5 5.5 4.0 4.5 2.0
1008 5.0 5.5 4.0 5.0 2.0
1009 5.0 4.0 2.5 4.0 3.0
1010 6.0 5.0 5.0 4.0 3.5
1011 6.0 3.5 4.5 4.0 6.0
1012 6.5 1.5 4.0 3.5 4.0
1013 6.5 5.0 5.0 2.0 3.5
1014 6.5 3.0 2.5 7.0 4.0
1015 4.5 4.5 5.0 5.5 2.0
1016 6.0 4.5 5.5 5.5 2.5
1017 5.0 3.0 5.0 4.5 3.5
1018 6.0 4.0 1.5 6.0 5.0
1019 5.5 3.0 3.5 5.0 3.0
1020 5.5 4.0 4.5 4.0 4.0
1021 6.0 3.5 5.0 4.0 4.0
1022 6.0 5.5 7.0 4.0 5.0
1023 6.5 3.5 4.5 4.0 1.0
1024 5.5 4.0 4.0 5.0 1.5
1025 5.0 3.5 5.5 6.0 2.5
1026 4.5 3.5 6.0 5.5 3.0
1027 5.5 2.5 3.5 7.0 1.5
1028 4.5 5.5 4.5 1.5 4.5
1029 6.0 1.5 2.5 5.5 2.5
1030 7.0 4.0 5.0 7.0 2.5
1031 6.5 6.5 4.5 2.5 3.5
1032 4.5 3.5 5.0 4.0 1.5
1033 3.5 3.5 4.0 6.0 4.0
1034 7.0 4.5 4.0 3.5 2.0
1035 4.5 3.0 4.5 4.0 4.5
1036 7.0 4.5 6.0 4.5 2.5
1037 5.0 5.0 4.0 5.5 3.0
1038 4.5 5.0 5.0 4.0 1.5
1039 4.5 3.0 5.5 6.5 4.0
1040 5.0 3.5 4.5 5.0 4.0
1041 4.0 4.0 4.0 4.0 4.0
1042 7.0 6.0 6.5 7.0 5.0
1043 6.5 4.5 2.5 4.0 2.5
1044 5.5 4.5 5.0 5.5 4.0
1045 2.5 5.0 2.5 6.5 2.0
1046 6.5 3.5 6.0 6.0 6.5
1047 7.0 4.0 1.0 2.5 7.0
1048 7.0 5.5 6.0 6.5 3.0
1049 4.5 4.5 5.5 3.5 2.5
1050 5.0 4.5 3.5 3.5 2.0
1051 6.0 6.0 7.0 5.5 6.0
1052 4.0 4.0 5.0 3.5 3.5
1053 5.5 5.0 4.5 5.0 3.5
1054 4.5 3.5 5.5 6.5 2.0
1055 4.5 3.5 4.5 4.0 1.5
1056 3.0 3.0 5.0 2.5 2.0
1057 6.5 5.0 7.0 7.0 3.0
1058 5.0 4.0 2.5 3.0 1.5
1059 3.5 3.5 2.5 6.5 1.5
1060 4.5 2.5 1.0 5.0 5.0
1061 6.0 4.5 2.5 5.0 1.5
1062 3.5 4.0 5.0 6.5 4.5
1063 4.5 5.5 6.0 5.0 3.0
1064 3.5 4.0 4.5 5.5 4.0
1065 6.5 6.5 6.0 7.0 5.0
1066 4.5 3.5 5.5 6.5 3.5
1067 5.5 7.0 5.0 6.0 1.0
1068 5.5 4.0 6.5 4.0 3.0
1069 6.0 4.0 1.5 7.0 3.0
1070 6.0 4.5 7.0 7.0 2.5
1071 3.5 3.5 2.0 3.0 1.0
1072 7.0 6.5 3.0 5.0 2.0
1073 6.0 4.0 4.0 3.5 3.5
1074 5.5 5.0 4.0 3.5 4.0
1075 6.0 5.0 4.0 6.5 6.0
1076 3.5 4.0 4.5 3.5 3.0
1077 6.0 3.5 5.0 5.0 1.0
1078 4.0 4.0 4.0 4.5 3.5
1079 6.5 6.0 7.0 6.5 2.0
1080 6.0 4.0 5.0 2.0 4.5
1081 5.5 5.5 4.5 2.0 5.0
1082 5.5 4.0 3.0 1.5 2.5
1083 6.5 4.0 6.5 3.0 2.5
1084 4.0 3.5 3.0 5.0 6.5
1085 5.5 3.5 4.5 3.0 3.5
1086 5.0 7.0 4.5 6.0 3.0
1087 4.0 5.5 4.5 4.5 2.0
1088 4.0 4.0 3.5 4.5 4.0
1089 7.0 3.5 3.0 5.5 3.0
1090 7.0 4.5 4.0 5.0 4.5
1091 5.0 4.0 6.5 6.0 2.0
1092 6.0 1.5 2.0 5.0 6.0
1093 6.0 5.5 3.0 4.5 5.5
1094 5.0 4.0 3.0 3.5 2.5
1095 6.5 3.0 4.5 3.5 3.5
1096 6.5 2.5 1.5 3.5 2.5
1097 4.5 5.5 4.5 4.5 3.5
1098 6.0 2.0 4.0 5.0 4.5
1099 6.0 5.5 5.5 3.5 3.5
1100 6.0 3.5 3.5 3.0 2.5
1101 5.5 3.5 3.0 4.0 3.5
1102 6.5 5.5 6.0 4.0 6.5
1103 6.0 3.0 4.5 4.0 4.5
1104 5.0 4.0 2.5 5.0 3.0
1105 5.5 5.0 6.5 5.5 2.0
1106 5.0 6.0 2.0 5.5 1.5
1107 6.5 5.0 3.0 1.5 3.0
1108 6.5 5.5 7.0 5.0 7.0
1109 3.0 4.0 3.5 6.0 1.5
1110 3.5 6.0 1.5 3.0 5.5
1111 6.0 4.0 5.5 5.5 4.0
1112 6.0 2.0 7.0 6.0 1.5
1113 6.5 5.0 6.0 2.5 2.5
1114 5.0 5.0 5.0 3.5 2.0
1115 5.0 3.5 5.5 5.0 3.0
1116 3.5 3.0 5.5 5.5 2.0
1117 5.5 4.5 4.0 3.5 4.0
1118 5.0 3.0 2.0 2.5 5.0
1119 7.0 4.0 3.5 4.0 2.5
1120 5.0 3.0 2.5 4.0 1.0
1121 4.5 4.5 6.0 5.0 3.5
1122 5.5 3.5 4.0 5.5 5.5
1123 5.0 3.0 3.5 5.5 3.5
1124 6.0 3.0 4.0 3.5 2.0
1125 6.0 7.0 2.0 7.0 4.0
1126 1.5 4.0 6.0 4.0 1.5
1127 6.0 4.0 6.5 4.0 5.5
1128 6.0 7.0 7.0 6.0 5.0
1129 7.0 6.5 5.5 5.0 5.0
1130 5.0 5.5 3.5 2.0 2.5
1131 5.5 5.5 5.0 7.0 6.0
1132 5.5 4.0 2.0 5.5 2.5
1133 6.5 5.0 2.5 6.0 3.0
1134 3.5 2.5 4.0 5.0 1.0
1135 5.0 6.0 7.0 5.0 3.5
1136 5.5 2.5 4.0 4.5 4.0
1137 6.0 4.0 6.0 4.0 3.5
1138 4.0 3.0 4.0 4.0 1.5
1139 7.0 3.5 3.5 3.5 4.0
1140 4.5 3.0 5.0 5.0 2.5
1141 4.0 4.5 6.5 5.5 2.0
1142 4.5 5.0 6.0 7.0 2.5
1143 6.0 5.5 5.0 4.5 1.0
1144 4.5 3.5 5.5 4.5 5.0
1145 4.5 5.5 2.0 5.5 2.5
1146 6.5 4.0 6.5 6.0 2.5
1147 5.0 6.5 4.5 2.0 1.5
1148 7.0 3.0 6.0 6.0 5.0
1149 4.5 1.5 3.5 3.5 3.5
1150 5.0 4.5 1.5 4.5 1.5
1151 7.0 4.5 6.5 4.0 6.0
1152 7.0 6.0 2.5 5.0 4.0
1153 3.5 2.5 4.0 3.0 4.5
1154 5.0 3.0 2.0 5.0 2.0
1155 6.5 4.0 2.0 4.5 6.0
1156 5.0 4.5 6.0 5.5 4.0
1157 4.0 5.0 4.0 4.0 3.0
1158 6.5 4.0 3.5 5.5 2.0
1159 7.0 4.0 5.0 6.5 2.0
1160 5.0 4.0 7.0 5.5 2.0
1161 5.0 3.0 2.5 3.0 1.0
1162 7.0 4.0 6.0 7.0 4.5
1163 5.0 2.0 5.0 6.0 3.5
1164 5.5 5.0 4.5 3.0 1.0
1165 5.0 4.5 5.5 6.5 2.5
1166 3.0 3.0 6.5 3.5 1.0
1167 6.0 2.5 5.0 4.0 4.0
1168 5.0 2.0 5.5 5.5 3.5
1169 7.0 3.0 6.5 4.5 5.0
1170 5.0 5.5 6.0 6.5 4.0
1171 6.5 6.0 3.5 5.0 2.0
1172 5.0 3.0 6.0 4.0 3.0
1173 6.5 3.5 3.0 5.5 5.5
1174 7.0 3.5 6.5 5.0 4.0
1175 5.0 4.0 5.5 6.5 6.0
1176 4.5 5.5 1.5 3.5 1.5
1177 6.0 4.0 3.0 3.0 1.5
1178 7.0 5.5 2.5 6.5 7.0
1179 3.5 3.5 6.5 5.0 3.5
1180 6.5 5.0 5.0 4.5 6.5
1181 6.0 4.0 5.0 5.0 2.0
1182 7.0 3.0 4.5 5.5 2.0
1183 5.0 3.5 4.0 3.5 2.5
1184 6.0 2.5 4.0 5.0 4.0
1185 3.5 3.5 2.0 4.5 6.5
1186 3.5 3.0 3.0 7.0 2.0
1187 4.0 5.5 4.5 3.0 1.5
1188 6.5 5.0 5.5 6.0 6.0
1189 5.0 6.5 5.0 3.5 6.5
1190 5.5 3.5 2.5 3.5 3.5
1191 6.0 4.0 3.0 2.5 5.0
1192 5.0 5.0 3.5 5.5 5.0
1193 5.0 3.5 5.5 3.0 5.0
1194 4.5 6.0 3.0 5.0 2.0
1195 4.5 3.5 3.0 3.5 3.5
1196 4.0 5.0 5.0 5.0 2.5
1197 4.5 3.0 3.5 6.5 3.5
1198 5.0 4.0 4.5 6.5 4.0
1199 6.5 4.0 6.5 4.5 3.5
1200 5.5 4.5 5.0 2.5 3.5
1201 6.5 6.5 4.0 4.0 5.5
1202 4.0 6.5 6.0 4.5 2.5
1203 7.0 4.0 2.5 3.0 7.0
1204 6.5 4.5 5.0 6.0 4.5
1205 4.5 4.0 4.0 5.5 3.5
1206 7.0 2.5 2.0 4.5 1.0
1207 6.0 3.5 4.0 4.5 5.0
1208 6.0 3.0 5.5 3.0 4.0
1209 6.5 5.0 6.5 5.0 6.5
1210 5.0 6.5 5.5 5.5 2.5
1211 7.0 3.5 5.5 6.0 6.0
1212 4.5 3.5 2.0 6.5 3.0
1213 4.5 6.0 6.0 7.0 4.5
1214 5.0 4.0 3.5 5.5 1.5
1215 5.5 5.0 4.5 5.0 2.5
1216 5.0 4.0 7.0 7.0 4.0
1217 5.0 5.5 6.0 5.5 5.0
1218 7.0 3.0 3.5 3.5 5.5
1219 5.0 3.5 3.5 5.0 2.0
1220 5.5 6.0 4.0 5.5 4.0
1221 4.5 3.0 5.0 5.0 2.0
1222 3.0 4.0 2.0 4.5 5.5
1223 4.0 4.5 5.5 6.0 3.5
1224 5.5 3.5 4.0 5.5 4.0
1225 5.5 3.0 2.5 3.5 3.5
1226 2.0 4.0 2.5 2.5 2.0
1227 6.0 4.0 4.0 5.0 4.0
1228 6.5 5.5 6.0 2.0 5.0
1229 6.5 4.5 6.5 4.5 5.0
1230 4.5 4.0 7.0 6.0 4.5
1231 6.0 4.0 4.5 5.5 3.0
1232 6.0 5.0 7.0 4.5 3.0
1233 4.5 4.5 3.0 4.0 3.0
1234 6.0 3.0 1.5 4.5 2.5
1235 5.5 5.5 3.0 4.0 3.5
1236 5.0 4.5 4.0 2.0 5.5
1237 6.5 6.5 7.0 7.0 2.5
1238 4.0 2.5 3.5 3.5 3.5
1239 6.0 5.0 5.5 3.5 4.0
1240 6.0 4.0 5.5 2.5 6.5
1241 5.0 2.5 7.0 3.5 3.0
1242 3.0 6.0 5.5 5.0 2.5
1243 5.5 3.0 3.0 6.0 3.5
1244 6.0 4.0 5.5 3.5 5.0
1245 5.0 4.0 4.0 6.0 2.0
1246 6.5 4.0 3.5 5.5 4.5
1247 4.5 3.5 3.0 3.5 5.0
1248 5.5 3.0 4.5 4.0 3.5
1249 4.5 3.5 4.5 4.5 2.5
1250 6.0 4.0 6.5 6.0 1.5
1251 6.5 5.0 5.5 5.5 4.5
1252 6.0 4.0 2.5 3.0 3.5
1253 6.0 6.0 7.0 5.0 7.0
1254 6.5 5.5 4.5 5.5 7.0
1255 6.0 3.5 4.5 6.0 3.5
1256 4.5 3.5 5.5 3.5 6.0
1257 3.0 4.5 2.5 4.0 1.5
1258 5.5 4.0 6.0 2.0 1.0
1259 4.5 4.0 4.5 4.5 3.0
1260 5.0 6.0 5.5 6.5 1.5
1261 7.0 5.0 6.5 4.5 5.0
1262 6.0 4.5 4.0 6.0 6.5
1263 6.5 5.5 5.0 4.0 3.5
1264 4.5 4.0 5.0 6.5 5.5
1265 4.5 4.0 5.5 4.5 2.5
1266 6.5 3.0 7.0 7.0 1.5
1267 5.5 3.0 3.0 3.0 2.0
1268 6.0 2.5 5.0 5.5 2.0
1269 6.0 2.5 4.0 6.5 5.5
1270 5.0 6.5 6.5 5.5 1.5
1271 6.5 4.0 3.5 6.0 7.0
1272 6.5 4.0 7.0 2.5 7.0
1273 4.5 4.5 4.5 4.0 2.5
1274 5.0 5.5 2.5 4.0 2.5
1275 5.5 6.5 5.0 5.0 1.5
1276 3.5 3.0 4.5 5.5 2.5
1277 5.5 3.5 3.0 2.5 5.0
1278 6.0 3.5 5.5 7.0 3.5
1279 4.0 4.0 4.0 4.0 4.0
1280 7.0 4.0 4.5 6.0 7.0
1281 6.0 4.5 4.0 3.0 1.5
1282 4.5 5.0 3.5 3.0 2.0
1283 6.0 5.0 7.0 4.5 3.5
1284 6.0 6.0 5.0 4.0 4.0
1285 6.0 4.5 4.5 3.5 3.5
1286 6.0 2.5 3.5 5.5 5.5
1287 6.5 4.0 5.5 4.5 3.5
1288 6.0 7.0 7.0 3.0 5.0
1289 3.5 3.5 2.0 3.5 1.0
1290 6.0 4.0 7.0 5.5 3.0
1291 7.0 2.5 3.0 5.0 1.5
1292 6.0 5.5 4.5 5.5 2.5
1293 6.5 6.5 6.5 4.5 3.0
1294 6.0 3.5 4.5 4.0 3.5
1295 5.0 4.5 6.0 4.0 4.0
1296 5.5 5.0 4.0 7.0 5.0
1297 6.0 4.5 2.5 2.5 4.0
1298 5.5 5.5 3.5 3.5 1.5
1299 4.0 4.0 1.0 1.5 1.5
1300 6.5 2.5 3.0 4.0 6.0
1301 5.0 4.0 4.0 5.0 3.0
1302 7.0 3.5 2.5 7.0 7.0
1303 3.5 5.5 6.0 6.5 3.5
1304 4.0 4.5 4.5 5.0 5.0
1305 5.5 4.0 4.5 5.0 5.0
1306 5.0 3.5 3.5 5.5 2.5
1307 5.5 6.5 6.0 6.0 4.5
1308 6.0 5.0 2.0 4.0 3.0
1309 6.0 5.0 4.5 4.5 4.0
1310 5.0 5.0 4.5 6.5 2.0
1311 6.5 3.5 3.5 6.0 2.0
1312 4.0 4.0 5.5 2.5 2.5
1313 5.5 5.0 3.5 2.5 3.5
1314 4.5 3.0 4.0 4.0 3.5
1315 5.0 4.0 5.0 5.5 4.5
1316 4.0 3.5 4.0 4.5 2.5
1317 6.0 3.5 4.5 4.0 4.0
1318 4.5 6.5 7.0 6.0 1.5
1319 6.0 3.5 4.0 2.5 3.0
1320 5.0 6.0 3.0 2.5 3.5
1321 4.5 3.0 4.0 5.5 1.5
1322 6.5 2.5 4.5 3.0 6.5
1323 4.0 4.0 4.0 3.0 2.5
1324 2.5 3.5 5.0 7.0 1.0
1325 4.0 3.0 5.0 7.0 3.5
1326 7.0 4.0 3.0 3.0 3.5
1327 6.5 4.0 3.5 5.5 2.0
1328 6.5 4.5 4.0 4.0 5.0
1329 6.0 4.5 7.0 5.0 1.5
1330 4.5 1.0 6.0 5.5 5.0
1331 4.0 5.0 4.5 3.0 3.5
1332 6.0 4.0 4.0 3.0 2.0
1333 5.0 5.5 5.5 5.0 3.5
1334 7.0 6.0 5.5 4.5 5.5
1335 4.5 3.0 4.0 2.5 2.5
1336 5.0 4.5 6.5 5.0 3.5
1337 7.0 4.0 4.0 6.5 6.0
1338 5.0 6.0 6.0 5.5 3.5
1339 6.5 4.0 6.0 6.0 3.0
1340 5.5 2.5 4.0 2.0 1.5
1341 7.0 4.5 4.0 6.5 4.5
1342 5.5 4.0 6.0 4.5 5.5
1343 6.0 6.5 3.5 4.0 5.5
1344 5.0 4.0 6.0 4.5 3.0
1345 6.5 3.0 3.0 4.5 2.0
1346 3.5 3.5 3.0 3.5 3.0
1347 6.5 4.5 6.0 5.5 3.0
1348 6.0 4.0 5.0 6.0 5.5
1349 7.0 4.0 5.5 5.5 4.0
1350 4.0 4.0 4.0 4.0 4.0
1351 5.0 5.0 2.0 5.0 6.0
1352 4.0 2.5 6.0 7.0 1.5
1353 6.5 5.5 4.0 5.5 4.5
1354 4.0 4.0 4.0 4.0 4.0
1355 6.0 3.0 6.5 5.5 2.5
1356 5.0 4.0 2.5 4.5 4.0
1357 6.5 4.5 6.5 6.0 2.5
1358 3.5 4.0 4.0 3.5 2.0
1359 5.0 2.5 4.5 4.5 3.5
1360 6.0 5.5 5.5 4.5 3.5
1361 5.0 4.5 5.0 5.5 6.0
1362 5.5 4.5 3.5 5.0 2.5
1363 5.5 5.0 4.0 4.5 3.5
1364 3.5 4.0 4.0 4.5 1.5
1365 5.5 5.0 4.5 4.0 3.0
1366 7.0 3.5 2.5 3.5 6.5
1367 6.0 2.5 5.0 4.0 3.0
1368 6.5 3.5 3.0 3.5 2.5
1369 4.5 3.5 6.0 6.0 3.5
1370 5.0 3.0 5.5 3.0 6.5
1371 4.0 4.5 5.0 2.0 2.0
1372 4.0 3.5 4.5 6.0 3.5
1373 4.5 2.5 4.0 3.0 1.5
1374 5.5 5.0 5.0 6.0 6.0
1375 4.5 4.5 4.0 6.0 5.0
1376 4.5 4.0 3.5 4.0 3.5
1377 5.5 6.5 5.5 5.5 5.5
1378 7.0 5.5 4.5 4.0 7.0
1379 6.0 5.0 7.0 3.5 2.0
1380 5.0 5.5 7.0 5.0 2.0
1381 6.0 3.5 6.5 6.5 1.5
1382 6.5 2.0 4.0 3.0 1.5
1383 3.5 3.5 2.5 5.0 1.0
1384 5.0 5.0 5.5 3.5 5.0
1385 5.0 6.5 2.0 4.0 3.0
1386 5.0 5.0 5.5 5.0 4.0
1387 5.0 4.5 2.0 3.5 2.5
1388 5.0 3.5 7.0 6.5 2.5
1389 6.0 5.5 3.0 2.5 4.0
1390 5.5 4.5 5.5 4.5 2.5
1391 6.0 4.0 5.5 5.5 3.0
1392 4.5 5.0 5.0 2.5 2.5
1393 6.5 4.0 3.0 3.0 2.0
1394 5.0 3.0 5.0 7.0 2.0
1395 5.0 5.0 3.0 3.5 2.5
1396 5.5 4.5 6.0 3.5 3.5
1397 5.5 5.5 6.5 4.0 3.5
1398 6.5 5.5 2.5 4.5 6.5
1399 6.5 3.0 5.5 5.0 2.0
1400 5.5 4.0 7.0 4.0 1.0
1401 7.0 3.5 3.0 3.0 2.5
1402 5.0 3.0 6.0 5.0 3.5
1403 5.0 4.0 4.0 5.0 4.0
1404 4.0 4.5 4.0 2.5 1.5
1405 6.0 4.0 4.0 3.5 6.5
1406 6.5 3.0 6.0 5.5 2.5
1407 5.5 2.5 6.0 6.0 4.5
1408 4.0 5.0 3.0 4.0 1.5
1409 3.0 3.5 4.5 3.0 2.0
1410 5.0 4.5 4.0 4.5 1.5
1411 5.0 5.0 2.0 2.5 1.0
1412 6.5 5.0 7.0 4.0 2.0
1413 6.0 6.0 1.5 3.0 4.0
1414 5.0 5.0 3.0 2.5 2.0
1415 6.0 2.0 5.0 7.0 4.0
1416 3.5 4.0 3.0 5.5 4.0
1417 5.0 4.0 2.5 5.0 4.0
1418 6.5 4.5 3.5 2.5 3.0
1419 5.5 2.5 4.0 4.0 2.0
1420 5.0 2.5 6.0 4.5 3.0
1421 3.0 2.5 3.0 4.5 3.0
1422 5.0 3.0 3.0 4.0 4.5
1423 5.0 3.5 2.0 1.5 1.5
1424 3.5 6.0 5.5 7.0 4.0
1425 5.5 3.0 6.0 3.5 3.5
1426 4.5 3.0 5.0 5.0 4.5
1427 4.0 4.0 4.0 4.0 4.0
1428 6.0 4.5 4.0 5.0 1.5
1429 6.0 5.5 4.0 7.0 4.0
1430 6.0 4.0 4.5 4.5 3.5
1431 4.5 1.5 2.5 4.0 3.0
1432 6.0 3.0 5.0 3.0 2.0
1433 4.5 4.0 3.0 4.0 2.5
1434 6.5 2.0 5.5 3.0 4.5
1435 4.5 4.0 3.5 5.0 4.0
1436 5.0 4.5 2.5 3.5 5.0
1437 4.0 6.0 6.0 5.5 2.5
1438 7.0 4.0 2.5 3.0 4.0
1439 5.0 3.5 5.0 5.5 1.5
1440 2.5 3.0 3.0 3.5 2.0
1441 4.0 2.5 2.0 3.0 1.5
1442 4.5 3.5 5.0 5.5 4.0
1443 4.5 4.0 5.0 7.0 4.0
1444 5.0 3.0 6.5 5.0 2.0
1445 7.0 4.0 3.0 4.0 2.0
1446 3.0 5.5 5.0 4.0 1.0
1447 7.0 4.0 3.0 2.0 4.0
1448 5.5 5.0 4.5 4.0 5.0
1449 7.0 4.5 3.5 3.5 4.5
1450 6.0 6.0 6.0 5.5 2.5
1451 6.0 1.5 4.0 5.5 2.5
1452 7.0 5.0 3.0 5.0 4.5
1453 6.5 5.5 4.0 3.0 5.5
1454 6.0 5.5 3.0 3.0 4.0
1455 6.0 4.5 4.0 5.0 3.0
1456 7.0 3.0 6.0 5.5 3.5
1457 4.0 3.5 6.0 6.0 6.5
1458 5.0 2.5 2.0 4.5 5.0
1459 5.5 5.0 4.5 5.0 4.5
1460 4.5 4.5 4.0 4.0 3.5
1461 7.0 6.5 4.5 4.5 2.0
1462 4.0 4.0 4.0 4.0 4.0
1463 6.5 5.0 6.0 3.5 6.0
1464 5.0 4.5 5.5 2.5 5.0
1465 4.5 2.5 3.5 5.0 4.0
1466 3.0 4.0 4.0 6.5 2.0
1467 7.0 3.0 5.5 6.0 7.0
1468 5.0 5.0 4.5 6.0 5.5
1469 5.5 4.5 6.0 5.5 2.5
1470 6.0 4.0 1.5 2.5 3.5
1471 4.5 1.5 4.0 6.0 1.0
1472 5.5 6.0 7.0 7.0 1.0
1473 5.0 5.0 5.5 5.0 5.5
1474 5.5 3.5 4.5 4.0 2.5
1475 5.5 4.5 4.0 4.0 1.5
1476 5.5 3.5 6.0 4.0 3.0
1477 3.5 2.5 4.0 5.0 2.5
1478 7.0 4.5 3.5 4.0 2.0
1479 4.0 3.5 3.0 3.5 2.0
1480 6.0 5.0 5.5 4.5 2.0
1481 4.5 3.5 5.5 4.5 3.0
1482 4.0 4.0 4.0 4.0 4.0
1483 6.0 2.5 3.0 5.5 5.5
1484 3.5 4.5 3.0 5.0 2.0
1485 6.0 4.0 5.0 4.5 4.5
1486 5.0 4.5 6.5 5.0 1.5
1487 6.0 4.5 3.5 4.0 3.5
1488 6.0 4.0 5.5 6.5 3.5
1489 4.5 4.0 4.5 4.5 6.0
1490 3.5 4.5 5.5 4.5 3.0
1491 5.5 4.5 7.0 5.5 5.0
1492 6.0 3.0 2.5 6.0 3.5
1493 6.0 5.0 3.5 3.5 5.0
1494 4.5 5.0 5.5 5.5 4.5
1495 5.5 5.5 4.0 6.0 5.5
1496 7.0 5.0 6.5 5.5 2.5
1497 7.0 6.0 6.0 5.0 4.0
1498 3.0 4.5 4.5 3.5 2.0
1499 5.0 4.5 6.0 4.0 3.5
1500 5.5 3.0 2.5 3.0 2.0
1501 5.5 3.0 6.5 5.5 5.0
1502 7.0 4.5 7.0 4.0 2.0
1503 5.5 5.5 4.0 2.0 6.0
1504 4.0 4.5 4.0 5.5 3.0
1505 6.5 4.0 3.5 5.5 4.0
1506 6.0 2.5 3.0 4.5 3.5
1507 6.5 3.0 5.0 6.0 5.0
1508 7.0 4.0 6.0 4.0 1.5
1509 4.5 5.0 3.5 6.5 4.0
1510 7.0 4.5 4.5 2.5 4.0
1511 6.0 5.5 4.5 5.5 2.0
1512 6.5 5.0 2.5 5.5 3.5
1513 5.0 3.5 6.5 5.0 1.0
1514 4.5 4.0 5.0 5.0 2.5
1515 6.0 4.5 5.0 5.0 5.5
1516 7.0 5.5 6.5 5.5 3.0
1517 4.0 4.0 3.5 3.5 2.0
1518 5.0 4.0 3.5 6.0 4.0
1519 4.0 4.0 5.5 7.0 1.0
1520 6.0 3.0 7.0 7.0 3.5
1521 3.5 6.0 5.0 5.5 2.0
1522 6.0 6.0 5.0 5.0 2.5
1523 5.0 6.0 5.0 4.5 3.0
1524 5.0 6.0 4.5 3.5 1.5
1525 6.5 3.5 4.5 6.5 3.0
1526 6.0 3.5 3.5 5.0 2.5
1527 7.0 5.0 4.5 6.0 4.5
1528 7.0 5.0 4.0 3.0 3.5
1529 5.5 4.0 2.0 4.0 1.5
1530 4.5 5.0 5.5 4.0 3.0
1531 6.0 3.5 7.0 4.0 4.0
1532 4.5 4.5 2.5 7.0 4.5
1533 7.0 4.5 5.5 6.5 4.0
1534 5.0 5.0 6.0 5.0 3.0
1535 6.0 4.0 7.0 6.0 4.0
1536 6.0 2.5 3.5 2.0 1.0
1537 5.5 4.0 5.5 6.0 4.5
1538 6.0 4.0 3.5 3.0 2.5
1539 6.0 4.5 4.5 5.0 4.5
1540 4.0 5.5 1.0 6.5 2.5
1541 5.0 5.5 3.5 4.5 4.0
1542 6.0 4.0 3.5 2.5 6.0
1543 6.5 5.5 4.0 5.5 3.5
1544 5.0 2.5 5.5 4.0 2.0
1545 4.0 3.5 4.0 4.0 4.0
1546 6.0 3.5 4.0 5.0 3.0
1547 6.5 4.5 5.5 4.5 6.5
1548 3.5 3.5 5.0 3.5 2.5
1549 5.0 4.5 3.0 4.5 2.0
1550 6.0 7.0 5.5 4.0 4.0
1551 6.0 6.5 3.0 6.0 4.5
1552 4.5 4.0 6.0 3.0 3.5
1553 6.0 6.0 5.0 4.0 3.5
1554 6.0 5.5 2.5 6.0 5.0
1555 5.0 4.5 6.0 3.0 5.0
1556 6.0 4.0 5.0 4.0 3.0
1557 7.0 5.0 4.0 6.5 6.0
1558 6.0 3.0 6.0 2.0 3.5
1559 5.5 6.5 6.5 5.0 1.5
1560 6.0 3.5 4.0 5.0 5.0
1561 6.5 6.5 6.5 6.5 6.5
1562 6.0 3.5 4.5 4.0 3.5
1563 5.5 4.5 4.0 1.0 2.5
1564 5.0 3.5 3.0 4.0 4.0
1565 6.5 4.5 7.0 2.5 5.0
1566 6.5 4.0 6.5 5.0 5.5
1567 6.0 3.0 6.0 3.5 4.5
1568 5.5 4.5 1.0 5.0 6.0
1569 4.5 5.0 4.0 4.0 5.5
1570 5.0 3.0 5.5 7.0 2.5
1571 6.5 6.0 4.5 5.5 4.0
1572 5.0 3.0 5.0 6.0 4.0
1573 6.5 4.0 4.0 5.0 7.0
1574 5.5 3.0 4.0 3.5 3.0
1575 6.0 3.5 5.0 2.0 3.5
1576 5.5 4.0 6.0 6.0 4.0
1577 4.0 4.0 4.0 4.0 4.0
1578 4.5 3.5 4.5 5.0 5.5
1579 4.5 3.0 6.5 4.5 3.0
1580 6.0 3.0 3.5 4.5 5.0
1581 7.0 3.5 2.5 4.5 2.5
1582 6.5 6.5 7.0 3.0 1.5
1583 6.0 5.0 2.5 5.0 4.0
1584 6.0 3.5 3.0 5.0 4.5
1585 4.0 4.5 6.5 3.5 3.0
1586 4.5 6.5 6.5 3.0 6.0
1587 4.5 5.0 4.0 3.0 1.5
1588 4.5 4.5 5.0 3.5 3.0
1589 4.0 2.5 2.5 2.5 3.0
1590 6.0 6.5 6.0 3.5 4.5
1591 5.5 3.5 5.5 5.5 6.0
1592 5.0 3.0 5.5 6.5 2.0
1593 6.5 5.5 4.5 6.5 3.5
1594 4.0 5.5 6.5 5.5 7.0
1595 6.5 5.0 5.0 5.0 3.5
1596 2.5 4.0 6.0 4.5 3.0
1597 5.5 2.5 6.5 3.0 4.0
1598 5.0 3.5 4.0 3.0 3.0
1599 5.0 3.5 4.0 3.5 4.5
1600 5.5 4.5 5.0 4.0 2.0
1601 6.5 3.5 4.5 6.5 2.5
1602 5.5 5.0 7.0 7.0 5.0
1603 6.0 4.0 6.5 5.0 4.5
1604 5.0 4.0 2.5 4.0 3.5
1605 6.0 5.5 6.5 6.0 4.0
1606 5.0 5.0 5.5 4.0 4.5
1607 4.5 4.0 4.0 4.0 1.0
1608 6.5 6.0 4.0 4.5 7.0
1609 5.5 4.0 6.0 7.0 4.5
1610 4.5 6.5 6.0 6.0 4.5
1611 5.0 3.5 1.5 6.0 2.0
1612 6.0 3.5 3.0 6.0 3.5
1613 5.0 3.5 5.5 4.5 3.5
1614 6.0 4.5 6.0 6.0 5.0
1615 5.5 3.0 5.5 4.0 1.0
1616 6.0 4.0 6.5 5.5 1.5
1617 5.0 3.5 5.5 5.0 4.5
1618 4.5 5.5 5.5 5.5 2.5
1619 4.5 2.5 4.5 5.0 2.0
1620 6.5 3.5 5.5 6.0 4.0
1621 5.5 6.5 6.5 7.0 6.0
1622 5.0 4.5 5.0 4.0 3.5
1623 3.5 4.5 5.0 4.0 3.5
1624 6.0 5.5 5.5 5.5 4.0
1625 6.5 3.0 4.0 6.0 6.5
1626 5.0 5.0 3.0 6.0 3.0
1627 2.5 4.0 6.0 4.0 1.5
1628 7.0 4.0 4.5 7.0 3.5
1629 6.0 4.0 3.0 2.5 1.5
1630 5.0 5.5 3.5 5.0 3.5
1631 6.5 4.0 4.5 2.5 5.0
1632 4.5 4.0 4.0 4.5 3.5
1633 7.0 2.5 1.0 2.5 4.5
1634 6.5 6.5 6.0 5.0 4.0
1635 6.5 4.5 3.5 6.5 6.0
1636 4.0 4.0 5.0 6.5 3.0
1637 4.5 5.0 6.0 6.0 3.0
1638 6.0 5.5 5.5 4.0 4.0
1639 5.0 3.5 5.5 6.0 4.5
1640 5.5 4.0 6.5 6.5 3.5
1641 6.0 3.5 5.5 5.5 6.0
1642 6.0 5.0 4.5 4.0 3.5
1643 6.5 3.5 3.0 3.5 5.5
1644 5.5 4.0 4.0 4.0 4.5
1645 5.0 6.0 6.0 5.0 4.5
1646 5.5 1.0 7.0 7.0 2.0
1647 5.5 6.0 6.5 6.0 2.5
1648 4.0 5.0 4.0 5.5 3.5
1649 5.5 2.0 6.0 5.5 2.5
1650 5.5 6.0 6.0 5.5 3.0
1651 6.0 4.0 4.0 4.0 4.0
1652 6.5 4.5 3.0 3.5 1.0
1653 3.5 5.5 5.5 4.5 3.0
1654 5.0 4.0 5.0 4.0 4.0
1655 5.0 3.0 7.0 4.5 2.0
1656 5.5 5.5 1.5 4.5 5.0
1657 5.0 4.0 5.0 5.5 4.5
1658 7.0 2.0 2.5 2.5 1.0
1659 5.0 3.0 2.0 3.0 2.0
1660 6.5 5.0 2.5 2.5 2.0
1661 6.0 4.5 5.0 6.0 3.5
1662 4.0 3.5 3.5 4.0 3.0
1663 5.5 4.5 6.5 5.0 5.0
1664 6.0 4.0 4.0 5.5 2.5
1665 7.0 4.0 3.0 4.0 6.0
1666 4.5 4.5 2.5 4.5 4.0
1667 6.5 3.5 3.5 4.0 3.0
1668 6.0 5.5 6.5 3.0 4.5
1669 7.0 6.5 6.5 7.0 4.0
1670 3.0 3.5 1.5 5.5 4.0
1671 5.5 2.5 4.5 4.0 4.0
1672 6.0 6.0 5.5 5.0 3.0
1673 5.5 4.0 6.0 7.0 5.5
1674 7.0 4.0 1.5 6.5 1.0
1675 5.0 3.5 3.5 3.5 3.0
1676 6.0 3.5 6.0 3.0 4.0
1677 6.5 5.0 3.0 3.0 3.0
1678 5.5 3.5 4.5 3.5 3.5
1679 6.5 3.0 6.5 2.5 4.5
1680 4.0 5.5 2.0 3.5 2.0
1681 3.0 4.5 6.0 6.5 6.0
1682 4.0 3.0 3.0 4.5 3.5
1683 5.5 3.5 4.0 6.0 1.5
1684 7.0 2.0 3.0 5.0 4.5
1685 6.5 3.5 3.5 3.0 1.5
1686 3.0 4.5 4.5 6.0 3.0
1687 4.0 4.0 4.0 4.5 3.5
1688 5.5 5.5 5.5 5.5 3.0
1689 6.5 4.0 6.5 3.0 5.5
1690 6.5 3.5 6.5 6.5 4.5
1691 6.0 3.5 3.0 4.0 4.0
1692 5.0 5.0 3.0 4.5 2.0
1693 6.5 4.0 5.5 5.5 4.5
1694 5.5 2.5 6.5 5.5 1.5
1695 4.0 5.0 3.0 5.0 3.5
1696 5.0 4.0 4.5 5.5 5.5
1697 4.5 7.0 4.5 1.5 4.0
1698 6.5 3.5 3.5 5.0 4.5
1699 5.5 3.0 2.5 5.5 4.5
1700 6.5 4.0 3.0 4.5 3.5
1701 6.5 4.5 3.0 5.0 4.5
1702 6.0 1.5 3.0 1.5 1.5
1703 6.5 6.5 6.0 4.5 4.0
1704 4.5 4.0 3.0 5.0 4.0
1705 6.5 4.5 3.0 4.5 5.5
1706 4.0 4.0 4.5 4.0 3.5
1707 4.0 5.0 4.0 5.0 2.0
1708 5.5 3.5 4.5 4.0 1.0
1709 5.0 4.5 3.5 3.5 6.0
1710 6.5 4.5 6.5 3.5 6.0
1711 5.0 4.0 4.0 3.5 4.0
1712 7.0 3.5 2.0 6.0 4.5
1713 5.0 5.0 3.5 3.5 5.0
1714 4.5 3.0 4.0 4.5 4.0
1715 4.0 6.0 6.0 5.0 2.5
1716 5.0 4.5 6.0 7.0 4.5
1717 5.5 3.5 4.5 5.5 1.5
1718 5.5 2.0 6.5 7.0 5.5
1719 6.0 3.0 2.5 2.0 3.5
1720 5.5 4.5 6.0 7.0 4.5
1721 4.5 4.0 3.5 4.5 3.5
1722 5.0 3.5 3.5 4.0 5.0
1723 4.0 3.5 5.5 5.0 4.5
1724 4.0 4.0 5.0 5.0 3.5
1725 5.5 4.0 4.5 5.0 5.0
1726 6.5 5.5 4.0 7.0 6.5
1727 4.5 4.0 5.5 6.5 4.5
1728 6.0 3.0 5.5 4.5 2.5
1729 4.5 3.5 6.0 6.0 3.5
1730 5.0 2.5 3.5 1.0 1.5
1731 6.5 4.5 3.0 2.5 4.5
1732 6.0 3.5 5.5 5.5 2.0
1733 7.0 5.5 2.0 2.5 5.5
1734 4.0 5.0 4.0 3.0 3.5
1735 5.0 3.5 3.0 4.0 3.5
1736 6.5 3.0 3.0 5.5 5.5
1737 2.0 2.5 4.0 2.5 5.0
1738 7.0 3.5 2.5 4.5 6.0
1739 4.0 4.5 5.5 5.0 3.0
1740 5.0 2.0 4.5 7.0 4.0
1741 6.5 6.0 6.5 4.5 5.0
1742 6.0 2.5 5.0 6.5 2.0
1743 4.5 3.5 4.5 5.0 2.5
1744 6.0 5.0 5.0 5.0 4.0
1745 6.5 3.5 6.0 4.0 4.0
1746 4.0 3.0 3.0 5.5 1.5
1747 5.0 4.0 3.5 6.0 5.0
1748 5.0 5.0 2.0 6.0 1.5
1749 5.5 3.5 5.0 5.5 3.5
1750 5.0 5.5 6.5 5.5 4.5
1751 5.5 4.0 2.5 2.5 2.5
1752 5.0 5.5 6.5 6.0 1.5
1753 5.0 7.0 6.5 5.0 1.0
1754 5.0 4.0 4.0 4.0 5.0
1755 5.5 5.0 4.5 4.0 3.5
1756 7.0 7.0 6.5 6.0 2.5
1757 5.5 7.0 1.0 5.5 1.0
1758 4.5 4.5 3.5 4.5 5.0
1759 6.0 5.5 5.5 6.0 4.0
1760 7.0 4.0 4.0 6.5 4.0
1761 7.0 2.0 6.5 5.0 3.0
1762 7.0 6.0 5.0 5.5 5.0
1763 6.5 3.5 4.0 5.0 4.5
1764 5.0 6.0 4.0 6.0 4.0
1765 6.0 3.5 7.0 4.5 6.0
1766 4.5 6.0 4.0 4.5 1.0
1767 6.5 6.0 7.0 6.5 7.0
1768 6.0 4.0 4.0 3.5 3.5
1769 6.5 2.5 5.5 2.0 2.5
1770 6.5 4.5 6.0 4.0 6.0
1771 6.0 7.0 7.0 5.5 6.0
1772 5.5 5.5 5.5 6.5 1.0
1773 4.5 3.0 6.5 3.0 4.0
1774 6.0 5.5 5.5 3.0 2.5
1775 6.5 4.5 4.0 5.0 4.0
1776 3.5 2.5 2.0 3.0 2.5
1777 6.5 6.0 4.0 4.0 3.0
1778 5.5 5.5 4.5 5.0 3.0
1779 5.5 4.0 3.5 4.0 4.0
1780 5.5 3.5 4.5 4.0 5.5
1781 6.0 4.0 4.5 5.0 3.5
1782 5.0 4.0 6.0 5.0 2.0
1783 6.0 4.0 4.0 4.0 3.0
1784 6.0 6.0 6.5 3.0 1.5
1785 6.5 4.5 5.0 3.0 6.0
1786 7.0 2.5 5.5 6.0 2.5
1787 3.5 3.5 5.5 3.5 1.0
1788 7.0 5.5 3.5 4.5 7.0
1789 5.5 5.0 4.0 4.0 4.0
1790 5.5 3.5 5.5 4.5 4.5
1791 6.0 4.5 4.5 3.5 5.0
1792 7.0 4.5 2.5 2.5 4.5
1793 6.5 3.5 2.0 4.0 3.5
1794 4.0 5.5 5.5 4.0 5.5
1795 6.0 2.5 4.5 5.0 3.5
1796 6.5 5.0 5.0 4.5 4.5
1797 4.5 2.0 2.0 1.0 5.5
1798 4.5 4.0 4.5 5.0 1.0
1799 4.5 4.0 6.5 7.0 1.0
1800 5.0 4.0 5.5 6.0 3.5
1801 5.5 4.5 3.5 4.5 4.5
1802 4.0 3.0 5.0 5.0 4.0
1803 5.0 5.5 4.0 3.0 4.5
1804 4.0 6.0 3.0 5.0 1.5
1805 5.0 4.0 4.5 4.5 3.0
1806 4.0 4.0 4.0 5.5 1.0
1807 4.0 4.5 4.5 6.0 5.5
1808 6.5 5.0 4.5 4.5 3.5
1809 6.0 4.0 7.0 6.0 1.5
1810 5.0 2.5 6.5 6.0 2.0
1811 5.5 5.0 4.5 4.5 2.5
1812 6.0 6.0 6.0 5.0 6.0
1813 4.5 5.5 7.0 5.5 2.0
1814 5.0 4.0 3.5 3.5 3.0
1815 5.5 3.5 2.5 4.0 5.5
1816 4.0 3.5 4.5 4.0 2.5
1817 6.0 3.0 5.5 3.5 6.0
1818 5.0 3.5 1.5 3.5 2.5
1819 6.5 6.5 2.5 6.5 2.0